43,35
34,1233
34,1232
34,1231
34,1230
34,1229
34,1228
34,1227
34,1226
34,1225
34,1224
34,1223
34,1222
34,1221
34,1220
34,1219
34,1218
34,1217
34,1216
34,1167
34,1166
34,1165
34,1164
34,1163
34,1162
34,1161
34,1160
34,1159
34,1158
34,1157
34,1156
34,1155
34,1154
34,1153
34,1152
34,1151
34,1150
34,1149
34,1148
34,1147
34,1146
34,1145
34,1144
34,1143
34,1142
34,1141
34,1140
34,1139
34,1138
34,1137
34,1136
34,1135
34,1134
34,1133
34,1132
34,1131
34,1130
34,1129
34,1128
34,1127
34,1126
34,1125
34,1124
34,1123
34,1122
34,1121
34,1120
34,1119
34,1118
34,1117
34,1116
34,1115
34,1114
34,1113
34,1112
34,1111
34,1110
34,1109
34,1108
34,1107
34,1106
34,1105
34,1104
34,1103
34,1102
34,1101
34,1100
34,1099
34,1098
34,1097
18,1
34,1096
18,3
14,4
14,3
13,1
34,1095
34,1023
34,1022
34,1021
34,1020
34,1019
34,1018
13,3
34,1017
34,1016
34,1015
34,1014
34,1013
34,1012
34,1011
34,1010
34,1009
34,1008
34,1007
34,1006
34,1005
34,1004
34,1003
34,1002
34,1001
34,1000
34,999
34,998
34,959
34,958
34,957
34,956
34,955
34,954
34,953
34,952
34,951
34,950
34,949
34,948
34,947
34,946
34,945
34,944
34,943
34,942
34,941
34,940
34,939
34,938
34,937
34,936
34,56
34,55
34,54
34,53
34,52
34,51
34,50
2,2
2,1
34,49
2,3
34,47
34,46
34,42
34,41
34,38
34,1
34,34
33,137
33,136
33,135
33,134
33,133
33,132
33,131
33,130
33,129
33,128
14,1
14,6
0,0
43,34
43,33
43,32
43,31
43,30
43,29
43,28
43,27
43,26
43,25
43,24
43,23
43,22
43,21
43,20
43,19
43,18
43,17
43,16
43,15
43,14
43,13
43,12
43,11
43,10
43,9
43,8
43,7
43,6
43,5
43,4
43,3
43,2
43,0
0,276
0,275
0,272
0,271
0,12
0,317
0,10
0,8
0,508
0,314
0,268
0,520
0,421
0,267
0,507
0,454
0,266
0,506
0,420
0,265
0,505
0,445
0,264
0,504
0,414
0,263
0,517
0,459
0,262
0,503
0,424
0,261
0,502
0,260
0,501
0,548
0,259
0,516
0,399
0,258
0,500
0,423
0,257
0,519
0,436
0,256
0,499
0,428
0,255
0,515
0,435
0,254
0,540
0,466
0,253
